0.677736 4.51055 
0.729744 4.42272 
0.730416 4.34602 
0.84835 4.2604 
0.934833 4.25479 
0.959239 4.23465 
0.967229 4.22547 
0.998829 4.21802 
1.02351 4.15168 
1.04336 4.14015 
1.05349 4.13185 
1.09234 4.09677 
1.10231 4.07273 
1.10436 4.04731 
1.14609 4.02041 
1.14787 3.99706 
1.15258 3.89696 
1.28006 3.89542 
1.28265 3.77695 
1.34921 3.76405 
1.40015 3.71987 
1.42575 3.71577 
1.42677 3.58905 
1.50953 3.54569 
1.51322 3.52568 
1.53712 3.47834 
1.59747 3.42885 
1.60089 3.32406 
1.6886 3.32151 
1.70511 3.26079 
1.7334 3.22793 
1.75318 3.11785 
1.82582 3.07964 
1.88962 3.03841 
1.90352 3.02877 
1.90534 2.9313 
1.94089 2.77069 
2.0256 2.6539 
2.06613 2.64925 
2.09516 2.63137 
2.15028 2.55963 
2.15359 2.52444 
2.16937 2.44933 
2.17091 2.38196 
2.17337 2.33279 
2.2829 2.25397 
2.31577 2.02678 
2.37638 1.92388 
2.38802 1.89464 
2.43123 1.81559 
2.49722 1.79937 
2.51771 1.74646 
2.55919 1.42224 
2.64279 1.4143 
2.70168 1.19493 
