0.543511 4.48424 
0.697907 4.33847 
0.908261 4.26761 
0.986922 4.16737 
1.03909 4.112 
1.07561 4.08634 
1.07926 4.03902 
1.17435 4.02387 
1.21825 4.0003 
1.22013 3.98029 
1.24217 3.95461 
1.25241 3.75079 
1.39692 3.74426 
1.40252 3.58447 
1.49869 3.57987 
1.52538 3.5724 
1.52547 3.41015 
1.59717 3.30677 
1.63294 3.20669 
1.72631 3.1623 
1.76106 3.05085 
1.85997 2.99284 
1.92998 2.94273 
1.95265 2.84125 
2.00569 2.80961 
2.05517 2.75463 
2.06134 2.6477 
2.08345 2.51525 
2.13247 2.42459 
2.18293 2.39111 
2.2037 2.2438 
2.30237 2.12878 
2.35756 1.69481 
2.43721 1.48299 
2.71134 1.36055 
2.83152 1.32194 
2.92393 1.19416 
