0.660903 4.46015 
0.715645 4.40338 
0.760845 4.39782 
0.774639 4.35461 
0.781018 4.18732 
0.952287 4.18077 
0.966076 4.17882 
0.983861 4.16225 
1.03847 4.10309 
1.09262 4.04289 
1.14982 3.99479 
1.24199 3.93493 
1.26895 3.92923 
1.28548 3.87546 
1.29641 3.74893 
1.39241 3.59395 
1.46536 3.56188 
1.52926 3.54314 
1.5453 3.49316 
1.58356 3.33175 
1.62831 3.31218 
1.6425 3.27912 
1.65897 3.27736 
1.74713 3.18267 
1.77686 3.17979 
1.7785 3.12876 
1.8018 3.1021 
1.85301 3.03389 
1.88952 2.89192 
2.00585 2.77787 
2.03072 2.76721 
2.05724 2.7133 
2.07892 2.59108 
2.08176 2.48522 
2.12356 2.40171 
2.16957 2.38095 
2.22209 2.28834 
2.23041 2.21193 
2.23716 2.19064 
2.24474 2.15822 
2.36872 1.83551 
2.43041 1.83059 
2.45305 1.67304 
2.46801 1.60588 
2.58438 1.59005 
2.61664 1.33943 
2.82614 1.27218 
2.82774 1.25128 
