0.602401 4.44121 
0.76255 4.42321 
0.796131 4.33961 
0.831061 4.29242 
0.978976 4.24917 
0.987418 4.17908 
1.06135 4.1564 
1.0646 4.14206 
1.07147 4.11422 
1.09281 4.08506 
1.13682 3.96451 
1.19817 3.95617 
1.22042 3.93047 
1.24186 3.83074 
1.33124 3.78095 
1.38588 3.62623 
1.44739 3.55358 
1.57042 3.55096 
1.58671 3.54877 
1.59283 3.42967 
1.59428 3.39511 
1.643 3.23848 
1.71273 3.08385 
1.84077 3.04443 
1.85286 2.99886 
1.89642 2.9073 
1.9724 2.85043 
1.97538 2.74829 
2.06832 2.5595 
2.13405 2.48782 
2.20374 2.41337 
2.20676 2.32565 
2.24479 2.30735 
2.28995 2.10239 
2.30473 2.02767 
2.31915 1.98971 
2.37706 1.98754 
2.46319 1.84918 
2.47522 1.6677 
2.56528 1.65039 
2.57851 1.56838 
2.66065 1.45987 
2.72416 1.42359 
2.81874 1.07146 
