0.585336 4.41744 
0.692495 4.3918 
0.709812 4.36652 
0.755017 4.3274 
0.808957 4.23748 
0.934059 4.20405 
0.986874 4.16758 
1.01878 4.16253 
1.03104 4.16176 
1.04304 4.06622 
1.16824 4.04338 
1.1866 4.02181 
1.20083 4.01818 
1.20955 3.96876 
1.22829 3.96276 
1.25043 3.94086 
1.26536 3.93251 
1.26772 3.84367 
1.35334 3.82806 
1.37181 3.80334 
1.3751 3.78718 
1.39172 3.77399 
1.41336 3.75704 
1.42471 3.71021 
1.46572 3.68699 
1.49237 3.64676 
1.52148 3.57912 
1.53419 3.51664 
1.53791 3.51404 
1.53955 3.46157 
1.59338 3.3765 
1.65806 3.26738 
1.68516 3.20943 
1.75964 3.19698 
1.79763 3.19591 
1.80235 3.18154 
1.81722 3.17476 
1.82389 3.15083 
1.84654 3.12408 
1.85321 3.10427 
1.85344 3.02507 
1.86621 2.8788 
1.98576 2.87283 
1.98912 2.86522 
2.00515 2.7771 
2.05528 2.76627 
2.06702 2.57642 
2.15264 2.38964 
2.20803 2.2188 
2.31019 2.10296 
2.33137 2.02548 
2.38294 1.92806 
2.40985 1.66066 
2.46901 1.64729 
2.52746 1.57346 
2.75772 1.45747 
2.79722 1.252 
2.81953 1.24757 
